time		value
1.010800e+03		8.000000e-03
1.031651e+03		8.000000e-03
1.042451e+03		8.000000e-03
1.073354e+03		8.000000e-03
1.084154e+03		8.000000e-03
1.084954e+03		8.000000e-03
1.085754e+03		8.000000e-03
1.116758e+03		8.000000e-03
1.127558e+03		8.000000e-03
1.128358e+03		8.000000e-03
1.129158e+03		8.000000e-03
1.129958e+03		8.000000e-03
1.130758e+03		8.000000e-03
1.131558e+03		8.000000e-03
1.132358e+03		8.000000e-03
1.163568e+03		8.000000e-03
1.174368e+03		8.000000e-03
1.175168e+03		8.000000e-03
1.175968e+03		8.000000e-03
1.176768e+03		8.000000e-03
1.177568e+03		8.000000e-03
1.178368e+03		8.000000e-03
1.179168e+03		8.000000e-03
1.179968e+03		8.000000e-03
1.180768e+03		8.000000e-03
1.181568e+03		8.000000e-03
1.182368e+03		8.000000e-03
1.183168e+03		8.000000e-03
1.183968e+03		8.000000e-03
1.184768e+03		8.000000e-03
1.185568e+03		8.000000e-03
1.217187e+03		8.000000e-03
1.227987e+03		8.000000e-03
1.228787e+03		8.000000e-03
1.229587e+03		8.000000e-03
1.230387e+03		8.000000e-03
1.231187e+03		8.000000e-03
1.231987e+03		8.000000e-03
1.232787e+03		8.000000e-03
1.233587e+03		8.000000e-03
1.234387e+03		8.000000e-03
1.235187e+03		8.000000e-03
1.235987e+03		8.000000e-03
1.236787e+03		8.000000e-03
1.237587e+03		8.000000e-03
1.238387e+03		8.000000e-03
1.239187e+03		8.000000e-03
1.239987e+03		8.000000e-03
1.240787e+03		8.000000e-03
1.241587e+03		8.000000e-03
1.242387e+03		8.000000e-03
1.243187e+03		8.000000e-03
1.243987e+03		8.000000e-03
1.244787e+03		8.000000e-03
1.245587e+03		8.000000e-03
1.246387e+03		8.000000e-03
1.247187e+03		8.000000e-03
1.247987e+03		8.000000e-03
1.248787e+03		8.000000e-03
1.249587e+03		8.000000e-03
1.250387e+03		8.000000e-03
1.251187e+03		8.000000e-03
1.251987e+03		8.000000e-03
1.284426e+03		8.000000e-03
1.295226e+03		8.000000e-03
1.296026e+03		8.000000e-03
1.296826e+03		8.000000e-03
1.297626e+03		8.000000e-03
1.298426e+03		8.000000e-03
1.299226e+03		8.000000e-03
1.300026e+03		8.000000e-03
1.300826e+03		8.000000e-03
1.301626e+03		8.000000e-03
1.302426e+03		8.000000e-03
1.303226e+03		8.000000e-03
1.304026e+03		8.000000e-03
1.304826e+03		8.000000e-03
1.305626e+03		8.000000e-03
1.306426e+03		8.000000e-03
1.307226e+03		8.000000e-03
1.308026e+03		8.000000e-03
1.308826e+03		8.000000e-03
1.309626e+03		8.000000e-03
1.310426e+03		8.000000e-03
1.311226e+03		8.000000e-03
1.312026e+03		8.000000e-03
1.312826e+03		8.000000e-03
1.313626e+03		8.000000e-03
1.314426e+03		8.000000e-03
1.315226e+03		8.000000e-03
1.316026e+03		8.000000e-03
1.316826e+03		8.000000e-03
1.317626e+03		8.000000e-03
1.318426e+03		8.000000e-03
1.319226e+03		8.000000e-03
1.320026e+03		8.000000e-03
1.320826e+03		8.000000e-03
1.321626e+03		8.000000e-03
1.322426e+03		8.000000e-03
1.323226e+03		8.000000e-03
1.324026e+03		8.000000e-03
1.324826e+03		8.000000e-03
1.325626e+03		8.000000e-03
1.326426e+03		8.000000e-03
1.327226e+03		8.000000e-03
1.328026e+03		8.000000e-03
1.328826e+03		8.000000e-03
1.329626e+03		8.000000e-03
1.330426e+03		8.000000e-03
1.331226e+03		8.000000e-03
1.332026e+03		8.000000e-03
1.332826e+03		8.000000e-03
1.333626e+03		8.000000e-03
1.334426e+03		8.000000e-03
1.335226e+03		8.000000e-03
1.336026e+03		8.000000e-03
1.336826e+03		8.000000e-03
1.337626e+03		8.000000e-03
1.338426e+03		8.000000e-03
1.339226e+03		8.000000e-03
1.340026e+03		8.000000e-03
1.340826e+03		8.000000e-03
1.341626e+03		8.000000e-03
1.342426e+03		8.000000e-03
1.343226e+03		8.000000e-03
1.344026e+03		8.000000e-03
1.344826e+03		8.000000e-03
1.378902e+03		8.000000e-03
1.389702e+03		8.000000e-03
1.390502e+03		8.000000e-03
1.391302e+03		8.000000e-03
1.392102e+03		8.000000e-03
1.392902e+03		8.000000e-03
1.393702e+03		8.000000e-03
1.394502e+03		8.000000e-03
1.395302e+03		8.000000e-03
1.396102e+03		8.000000e-03
1.396902e+03		8.000000e-03
1.397702e+03		8.000000e-03
1.398502e+03		8.000000e-03
1.399302e+03		8.000000e-03
1.400102e+03		8.000000e-03
1.400902e+03		8.000000e-03
1.401702e+03		8.000000e-03
1.402502e+03		8.000000e-03
1.403302e+03		8.000000e-03
1.404102e+03		8.000000e-03
1.404902e+03		8.000000e-03
1.405702e+03		8.000000e-03
1.406502e+03		8.000000e-03
1.407302e+03		8.000000e-03
1.408102e+03		8.000000e-03
1.408902e+03		8.000000e-03
1.409702e+03		8.000000e-03
1.410502e+03		8.000000e-03
1.411302e+03		8.000000e-03
1.412102e+03		8.000000e-03
1.412902e+03		8.000000e-03
1.413702e+03		8.000000e-03
1.414502e+03		8.000000e-03
1.415302e+03		8.000000e-03
1.416102e+03		8.000000e-03
1.416902e+03		8.000000e-03
1.417702e+03		8.000000e-03
1.418502e+03		8.000000e-03
1.419302e+03		8.000000e-03
1.420102e+03		8.000000e-03
1.420902e+03		8.000000e-03
1.421702e+03		8.000000e-03
1.422502e+03		8.000000e-03
1.423302e+03		8.000000e-03
1.424102e+03		8.000000e-03
1.424902e+03		8.000000e-03
1.425702e+03		8.000000e-03
1.426502e+03		8.000000e-03
1.427302e+03		8.000000e-03
1.428102e+03		8.000000e-03
1.428902e+03		8.000000e-03
1.429702e+03		8.000000e-03
1.430502e+03		8.000000e-03
1.431302e+03		8.000000e-03
1.432102e+03		8.000000e-03
1.432902e+03		8.000000e-03
1.433702e+03		8.000000e-03
1.434502e+03		8.000000e-03
1.435302e+03		8.000000e-03
1.436102e+03		8.000000e-03
1.436902e+03		8.000000e-03
1.437702e+03		8.000000e-03
1.438502e+03		8.000000e-03
1.439302e+03		8.000000e-03
1.440102e+03		8.000000e-03
1.474230e+03		8.000000e-03
1.485030e+03		8.000000e-03
1.485830e+03		8.000000e-03
1.486630e+03		8.000000e-03
1.487430e+03		8.000000e-03
1.488230e+03		8.000000e-03
1.489030e+03		8.000000e-03
1.489830e+03		8.000000e-03
1.490630e+03		8.000000e-03
1.491430e+03		8.000000e-03
1.492230e+03		8.000000e-03
1.493030e+03		8.000000e-03
1.493830e+03		8.000000e-03
1.494630e+03		8.000000e-03
1.495430e+03		8.000000e-03
1.496230e+03		8.000000e-03
1.497030e+03		8.000000e-03
1.497830e+03		8.000000e-03
1.498630e+03		8.000000e-03
1.499430e+03		8.000000e-03
1.500230e+03		8.000000e-03
1.501030e+03		8.000000e-03
1.501830e+03		8.000000e-03
1.502630e+03		8.000000e-03
1.503430e+03		8.000000e-03
1.504230e+03		8.000000e-03
1.505030e+03		8.000000e-03
1.505830e+03		8.000000e-03
1.506630e+03		8.000000e-03
1.507430e+03		8.000000e-03
1.508230e+03		8.000000e-03
1.509030e+03		8.000000e-03
1.509830e+03		8.000000e-03
1.510630e+03		8.000000e-03
1.511430e+03		8.000000e-03
1.512230e+03		8.000000e-03
1.513030e+03		8.000000e-03
1.513830e+03		8.000000e-03
1.514630e+03		8.000000e-03
1.515430e+03		8.000000e-03
1.516230e+03		8.000000e-03
1.517030e+03		8.000000e-03
1.517830e+03		8.000000e-03
1.518630e+03		8.000000e-03
1.519430e+03		8.000000e-03
1.520230e+03		8.000000e-03
1.521030e+03		8.000000e-03
1.521830e+03		8.000000e-03
1.522630e+03		8.000000e-03
1.523430e+03		8.000000e-03
1.524230e+03		8.000000e-03
1.525030e+03		8.000000e-03
1.525830e+03		8.000000e-03
1.526630e+03		8.000000e-03
1.527430e+03		8.000000e-03
1.528230e+03		8.000000e-03
1.529030e+03		8.000000e-03
1.529830e+03		8.000000e-03
1.530630e+03		8.000000e-03
1.531430e+03		8.000000e-03
1.532230e+03		8.000000e-03
1.533030e+03		8.000000e-03
1.533830e+03		8.000000e-03
1.534630e+03		8.000000e-03
5.474179e+03		8.000000e-03
5.495030e+03		8.000000e-03
5.505830e+03		8.000000e-03
5.536733e+03		8.000000e-03
5.547533e+03		8.000000e-03
5.548333e+03		8.000000e-03
5.549133e+03		8.000000e-03
5.580138e+03		8.000000e-03
5.590938e+03		8.000000e-03
5.591738e+03		8.000000e-03
5.592538e+03		8.000000e-03
5.593338e+03		8.000000e-03
5.594138e+03		8.000000e-03
5.594938e+03		8.000000e-03
5.595738e+03		8.000000e-03
5.626947e+03		8.000000e-03
5.637747e+03		8.000000e-03
5.638547e+03		8.000000e-03
5.639347e+03		8.000000e-03
5.640147e+03		8.000000e-03
5.640947e+03		8.000000e-03
5.641747e+03		8.000000e-03
5.642547e+03		8.000000e-03
5.643347e+03		8.000000e-03
5.644147e+03		8.000000e-03
5.644947e+03		8.000000e-03
5.645747e+03		8.000000e-03
5.646547e+03		8.000000e-03
5.647347e+03		8.000000e-03
5.648147e+03		8.000000e-03
5.648947e+03		8.000000e-03
5.680566e+03		8.000000e-03
5.691366e+03		8.000000e-03
5.692166e+03		8.000000e-03
5.692966e+03		8.000000e-03
5.693766e+03		8.000000e-03
5.694566e+03		8.000000e-03
5.695366e+03		8.000000e-03
5.696166e+03		8.000000e-03
5.696966e+03		8.000000e-03
5.697766e+03		8.000000e-03
5.698566e+03		8.000000e-03
5.699366e+03		8.000000e-03
5.700166e+03		8.000000e-03
5.700966e+03		8.000000e-03
5.701766e+03		8.000000e-03
5.702566e+03		8.000000e-03
5.703366e+03		8.000000e-03
5.704166e+03		8.000000e-03
5.704966e+03		8.000000e-03
5.705766e+03		8.000000e-03
5.706566e+03		8.000000e-03
5.707366e+03		8.000000e-03
5.708166e+03		8.000000e-03
5.708966e+03		8.000000e-03
5.709766e+03		8.000000e-03
5.710566e+03		8.000000e-03
5.711366e+03		8.000000e-03
5.712166e+03		8.000000e-03
5.712966e+03		8.000000e-03
5.713766e+03		8.000000e-03
5.714566e+03		8.000000e-03
5.715366e+03		8.000000e-03
5.747805e+03		8.000000e-03
5.758605e+03		8.000000e-03
5.759405e+03		8.000000e-03
5.760205e+03		8.000000e-03
5.761005e+03		8.000000e-03
5.761805e+03		8.000000e-03
5.762605e+03		8.000000e-03
5.763405e+03		8.000000e-03
5.764205e+03		8.000000e-03
5.765005e+03		8.000000e-03
5.765805e+03		8.000000e-03
5.766605e+03		8.000000e-03
5.767405e+03		8.000000e-03
5.768205e+03		8.000000e-03
5.769005e+03		8.000000e-03
5.769805e+03		8.000000e-03
5.770605e+03		8.000000e-03
5.771405e+03		8.000000e-03
5.772205e+03		8.000000e-03
5.773005e+03		8.000000e-03
5.773805e+03		8.000000e-03
5.774605e+03		8.000000e-03
5.775405e+03		8.000000e-03
5.776205e+03		8.000000e-03
5.777005e+03		8.000000e-03
5.777805e+03		8.000000e-03
5.778605e+03		8.000000e-03
5.779405e+03		8.000000e-03
5.780205e+03		8.000000e-03
5.781005e+03		8.000000e-03
5.781805e+03		8.000000e-03
5.782605e+03		8.000000e-03
5.783405e+03		8.000000e-03
5.784205e+03		8.000000e-03
5.785005e+03		8.000000e-03
5.785805e+03		8.000000e-03
5.786605e+03		8.000000e-03
5.787405e+03		8.000000e-03
5.788205e+03		8.000000e-03
5.789005e+03		8.000000e-03
5.789805e+03		8.000000e-03
5.790605e+03		8.000000e-03
5.791405e+03		8.000000e-03
5.792205e+03		8.000000e-03
5.793005e+03		8.000000e-03
5.793805e+03		8.000000e-03
5.794605e+03		8.000000e-03
5.795405e+03		8.000000e-03
5.796205e+03		8.000000e-03
5.797005e+03		8.000000e-03
5.797805e+03		8.000000e-03
5.798605e+03		8.000000e-03
5.799405e+03		8.000000e-03
5.800205e+03		8.000000e-03
5.801005e+03		8.000000e-03
5.801805e+03		8.000000e-03
5.802605e+03		8.000000e-03
5.803405e+03		8.000000e-03
5.804205e+03		8.000000e-03
5.805005e+03		8.000000e-03
5.805805e+03		8.000000e-03
5.806605e+03		8.000000e-03
5.807405e+03		8.000000e-03
5.841430e+03		8.000000e-03
5.852230e+03		8.000000e-03
5.853030e+03		8.000000e-03
5.853830e+03		8.000000e-03
5.854630e+03		8.000000e-03
5.855430e+03		8.000000e-03
5.856230e+03		8.000000e-03
5.857030e+03		8.000000e-03
5.857830e+03		8.000000e-03
5.858630e+03		8.000000e-03
5.859430e+03		8.000000e-03
5.860230e+03		8.000000e-03
5.861030e+03		8.000000e-03
5.861830e+03		8.000000e-03
5.862630e+03		8.000000e-03
5.863430e+03		8.000000e-03
5.864230e+03		8.000000e-03
5.865030e+03		8.000000e-03
5.865830e+03		8.000000e-03
5.866630e+03		8.000000e-03
5.867430e+03		8.000000e-03
5.868230e+03		8.000000e-03
5.869030e+03		8.000000e-03
5.869830e+03		8.000000e-03
5.870630e+03		8.000000e-03
5.871430e+03		8.000000e-03
5.872230e+03		8.000000e-03
5.873030e+03		8.000000e-03
5.873830e+03		8.000000e-03
5.874630e+03		8.000000e-03
5.875430e+03		8.000000e-03
5.876230e+03		8.000000e-03
5.877030e+03		8.000000e-03
5.877830e+03		8.000000e-03
5.878630e+03		8.000000e-03
5.879430e+03		8.000000e-03
5.880230e+03		8.000000e-03
5.881030e+03		8.000000e-03
5.881830e+03		8.000000e-03
5.882630e+03		8.000000e-03
5.883430e+03		8.000000e-03
5.884230e+03		8.000000e-03
5.885030e+03		8.000000e-03
5.885830e+03		8.000000e-03
5.886630e+03		8.000000e-03
5.887430e+03		8.000000e-03
5.888230e+03		8.000000e-03
5.889030e+03		8.000000e-03
5.889830e+03		8.000000e-03
5.890630e+03		8.000000e-03
5.891430e+03		8.000000e-03
5.892230e+03		8.000000e-03
5.893030e+03		8.000000e-03
5.893830e+03		8.000000e-03
5.894630e+03		8.000000e-03
5.895430e+03		8.000000e-03
5.896230e+03		8.000000e-03
5.897030e+03		8.000000e-03
5.897830e+03		8.000000e-03
5.898630e+03		8.000000e-03
5.899430e+03		8.000000e-03
5.900230e+03		8.000000e-03
5.901030e+03		8.000000e-03
5.901830e+03		8.000000e-03
5.902630e+03		8.000000e-03
6.396758e+03		8.000000e-03
6.407558e+03		8.000000e-03
6.408358e+03		8.000000e-03
6.409158e+03		8.000000e-03
6.409958e+03		8.000000e-03
6.410758e+03		8.000000e-03
6.411558e+03		8.000000e-03
6.412358e+03		8.000000e-03
6.413158e+03		8.000000e-03
6.413958e+03		8.000000e-03
6.414758e+03		8.000000e-03
6.415558e+03		8.000000e-03
6.416358e+03		8.000000e-03
6.417158e+03		8.000000e-03
6.417958e+03		8.000000e-03
6.418758e+03		8.000000e-03
6.419558e+03		8.000000e-03
6.420358e+03		8.000000e-03
1.039671e+04		8.000000e-03
1.041756e+04		8.000000e-03
1.042836e+04		8.000000e-03
1.045926e+04		8.000000e-03
1.047006e+04		8.000000e-03
1.047086e+04		8.000000e-03
1.047166e+04		8.000000e-03
1.050267e+04		8.000000e-03
1.051347e+04		8.000000e-03
1.051427e+04		8.000000e-03
1.051507e+04		8.000000e-03
1.051587e+04		8.000000e-03
1.051667e+04		8.000000e-03
1.051747e+04		8.000000e-03
1.051827e+04		8.000000e-03
1.054948e+04		8.000000e-03
1.056028e+04		8.000000e-03
1.056108e+04		8.000000e-03
1.056188e+04		8.000000e-03
1.056268e+04		8.000000e-03
1.056348e+04		8.000000e-03
1.056428e+04		8.000000e-03
1.056508e+04		8.000000e-03
1.056588e+04		8.000000e-03
1.056668e+04		8.000000e-03
1.056748e+04		8.000000e-03
1.056828e+04		8.000000e-03
1.056908e+04		8.000000e-03
1.056988e+04		8.000000e-03
1.057068e+04		8.000000e-03
1.057148e+04		8.000000e-03
1.060309e+04		8.000000e-03
1.061389e+04		8.000000e-03
1.061469e+04		8.000000e-03
1.061549e+04		8.000000e-03
1.061629e+04		8.000000e-03
1.061709e+04		8.000000e-03
1.061789e+04		8.000000e-03
1.061869e+04		8.000000e-03
1.061949e+04		8.000000e-03
1.062029e+04		8.000000e-03
1.062109e+04		8.000000e-03
1.062189e+04		8.000000e-03
1.062269e+04		8.000000e-03
1.062349e+04		8.000000e-03
1.062429e+04		8.000000e-03
1.062509e+04		8.000000e-03
1.062589e+04		8.000000e-03
1.062669e+04		8.000000e-03
1.062749e+04		8.000000e-03
1.062829e+04		8.000000e-03
1.062909e+04		8.000000e-03
1.062989e+04		8.000000e-03
1.063069e+04		8.000000e-03
1.063149e+04		8.000000e-03
1.063229e+04		8.000000e-03
1.063309e+04		8.000000e-03
1.063389e+04		8.000000e-03
1.063469e+04		8.000000e-03
1.063549e+04		8.000000e-03
1.063629e+04		8.000000e-03
1.063709e+04		8.000000e-03
1.063789e+04		8.000000e-03
1.063869e+04		8.000000e-03
1.063949e+04		8.000000e-03
1.064029e+04		8.000000e-03
1.064109e+04		8.000000e-03
1.074374e+04		8.000000e-03
1.075454e+04		8.000000e-03
1.075534e+04		8.000000e-03
1.075614e+04		8.000000e-03
1.075694e+04		8.000000e-03
1.075774e+04		8.000000e-03
1.075854e+04		8.000000e-03
1.075934e+04		8.000000e-03
1.076014e+04		8.000000e-03
1.076094e+04		8.000000e-03
1.076174e+04		8.000000e-03
1.076254e+04		8.000000e-03
1.076334e+04		8.000000e-03
1.076414e+04		8.000000e-03
1.076494e+04		8.000000e-03
1.076574e+04		8.000000e-03
1.080736e+04		8.000000e-03
1.081816e+04		8.000000e-03
1.081896e+04		8.000000e-03
1.081976e+04		8.000000e-03
1.082056e+04		8.000000e-03
1.082136e+04		8.000000e-03
1.082216e+04		8.000000e-03
1.082296e+04		8.000000e-03
1.082376e+04		8.000000e-03
1.082456e+04		8.000000e-03
1.082536e+04		8.000000e-03
1.082616e+04		8.000000e-03
1.082696e+04		8.000000e-03
1.082776e+04		8.000000e-03
1.082856e+04		8.000000e-03
1.082936e+04		8.000000e-03
1.086098e+04		8.000000e-03
1.087178e+04		8.000000e-03
1.087258e+04		8.000000e-03
1.087338e+04		8.000000e-03
1.087418e+04		8.000000e-03
1.087498e+04		8.000000e-03
1.087578e+04		8.000000e-03
1.087658e+04		8.000000e-03
1.087738e+04		8.000000e-03
1.087818e+04		8.000000e-03
1.087898e+04		8.000000e-03
1.087978e+04		8.000000e-03
1.088058e+04		8.000000e-03
1.088138e+04		8.000000e-03
1.088218e+04		8.000000e-03
1.088298e+04		8.000000e-03
1.088378e+04		8.000000e-03
1.091545e+04		8.000000e-03
1.092625e+04		8.000000e-03
1.092705e+04		8.000000e-03
1.092785e+04		8.000000e-03
1.092865e+04		8.000000e-03
1.092945e+04		8.000000e-03
1.093025e+04		8.000000e-03
1.093105e+04		8.000000e-03
1.093185e+04		8.000000e-03
1.093265e+04		8.000000e-03
1.093345e+04		8.000000e-03
1.093425e+04		8.000000e-03
1.093505e+04		8.000000e-03
1.093585e+04		8.000000e-03
1.093665e+04		8.000000e-03
1.093745e+04		8.000000e-03
1.093825e+04		8.000000e-03
1.093905e+04		8.000000e-03
1.097077e+04		8.000000e-03
1.098157e+04		8.000000e-03
1.098237e+04		8.000000e-03
1.098317e+04		8.000000e-03
1.098397e+04		8.000000e-03
1.098477e+04		8.000000e-03
1.098557e+04		8.000000e-03
1.098637e+04		8.000000e-03
1.098717e+04		8.000000e-03
1.098797e+04		8.000000e-03
1.098877e+04		8.000000e-03
1.098957e+04		8.000000e-03
1.099037e+04		8.000000e-03
1.099117e+04		8.000000e-03
1.099197e+04		8.000000e-03
1.099277e+04		8.000000e-03
1.099357e+04		8.000000e-03
1.099437e+04		8.000000e-03
1.099517e+04		8.000000e-03
1.102694e+04		8.000000e-03
1.103774e+04		8.000000e-03
1.103854e+04		8.000000e-03
1.103934e+04		8.000000e-03
1.104014e+04		8.000000e-03
1.104094e+04		8.000000e-03
1.104174e+04		8.000000e-03
1.104254e+04		8.000000e-03
1.104334e+04		8.000000e-03
1.104414e+04		8.000000e-03
1.104494e+04		8.000000e-03
1.104574e+04		8.000000e-03
1.104654e+04		8.000000e-03
1.104734e+04		8.000000e-03
1.104814e+04		8.000000e-03
1.104894e+04		8.000000e-03
1.104974e+04		8.000000e-03
1.105054e+04		8.000000e-03
1.105134e+04		8.000000e-03
1.105214e+04		8.000000e-03
1.108396e+04		8.000000e-03
1.109476e+04		8.000000e-03
1.109556e+04		8.000000e-03
1.109636e+04		8.000000e-03
1.109716e+04		8.000000e-03
1.109796e+04		8.000000e-03
1.109876e+04		8.000000e-03
1.109956e+04		8.000000e-03
1.110036e+04		8.000000e-03
1.110116e+04		8.000000e-03
1.110196e+04		8.000000e-03
1.110276e+04		8.000000e-03
1.110356e+04		8.000000e-03
1.110436e+04		8.000000e-03
1.110516e+04		8.000000e-03
1.110596e+04		8.000000e-03
1.110676e+04		8.000000e-03
1.110756e+04		8.000000e-03
1.110836e+04		8.000000e-03
1.110916e+04		8.000000e-03
1.110996e+04		8.000000e-03
1.114184e+04		8.000000e-03
1.115264e+04		8.000000e-03
1.115344e+04		8.000000e-03
1.115424e+04		8.000000e-03
1.115504e+04		8.000000e-03
1.115584e+04		8.000000e-03
1.115664e+04		8.000000e-03
1.115744e+04		8.000000e-03
1.115824e+04		8.000000e-03
1.115904e+04		8.000000e-03
1.115984e+04		8.000000e-03
1.116064e+04		8.000000e-03
1.116144e+04		8.000000e-03
1.116224e+04		8.000000e-03
1.116304e+04		8.000000e-03
1.116384e+04		8.000000e-03
1.116464e+04		8.000000e-03
1.116544e+04		8.000000e-03
1.116624e+04		8.000000e-03
1.116704e+04		8.000000e-03
1.116784e+04		8.000000e-03
1.116864e+04		8.000000e-03
1.120057e+04		8.000000e-03
1.121137e+04		8.000000e-03
1.121217e+04		8.000000e-03
1.121297e+04		8.000000e-03
1.121377e+04		8.000000e-03
1.121457e+04		8.000000e-03
1.121537e+04		8.000000e-03
1.121617e+04		8.000000e-03
1.121697e+04		8.000000e-03
1.121777e+04		8.000000e-03
1.121857e+04		8.000000e-03
1.121937e+04		8.000000e-03
1.122017e+04		8.000000e-03
1.122097e+04		8.000000e-03
1.122177e+04		8.000000e-03
1.122257e+04		8.000000e-03
1.122337e+04		8.000000e-03
1.122417e+04		8.000000e-03
1.122497e+04		8.000000e-03
1.122577e+04		8.000000e-03
1.122657e+04		8.000000e-03
1.122737e+04		8.000000e-03
1.122817e+04		8.000000e-03
1.126014e+04		8.000000e-03
1.127094e+04		8.000000e-03
1.127174e+04		8.000000e-03
1.127254e+04		8.000000e-03
1.127334e+04		8.000000e-03
1.127414e+04		8.000000e-03
1.127494e+04		8.000000e-03
1.127574e+04		8.000000e-03
1.127654e+04		8.000000e-03
1.127734e+04		8.000000e-03
1.127814e+04		8.000000e-03
1.127894e+04		8.000000e-03
1.127974e+04		8.000000e-03
1.128054e+04		8.000000e-03
1.128134e+04		8.000000e-03
1.128214e+04		8.000000e-03
1.128294e+04		8.000000e-03
1.128374e+04		8.000000e-03
1.128454e+04		8.000000e-03
1.128534e+04		8.000000e-03
1.128614e+04		8.000000e-03
1.128694e+04		8.000000e-03
1.128774e+04		8.000000e-03
1.128854e+04		8.000000e-03
1.132057e+04		8.000000e-03
1.133137e+04		8.000000e-03
1.133217e+04		8.000000e-03
1.133297e+04		8.000000e-03
1.133377e+04		8.000000e-03
1.133457e+04		8.000000e-03
1.133537e+04		8.000000e-03
1.133617e+04		8.000000e-03
1.133697e+04		8.000000e-03
1.133777e+04		8.000000e-03
1.133857e+04		8.000000e-03
1.133937e+04		8.000000e-03
1.134017e+04		8.000000e-03
1.134097e+04		8.000000e-03
1.134177e+04		8.000000e-03
1.134257e+04		8.000000e-03
1.134337e+04		8.000000e-03
1.134417e+04		8.000000e-03
1.134497e+04		8.000000e-03
1.134577e+04		8.000000e-03
1.134657e+04		8.000000e-03
1.134737e+04		8.000000e-03
1.134817e+04		8.000000e-03
1.134897e+04		8.000000e-03
1.134977e+04		8.000000e-03
1.138185e+04		8.000000e-03
1.139265e+04		8.000000e-03
1.139345e+04		8.000000e-03
1.139425e+04		8.000000e-03
1.139505e+04		8.000000e-03
1.139585e+04		8.000000e-03
1.139665e+04		8.000000e-03
1.139745e+04		8.000000e-03
1.139825e+04		8.000000e-03
1.139905e+04		8.000000e-03
1.139985e+04		8.000000e-03
1.140065e+04		8.000000e-03
1.140145e+04		8.000000e-03
1.140225e+04		8.000000e-03
1.140305e+04		8.000000e-03
1.140385e+04		8.000000e-03
1.140465e+04		8.000000e-03
1.140545e+04		8.000000e-03
1.140625e+04		8.000000e-03
1.140705e+04		8.000000e-03
1.140785e+04		8.000000e-03
1.140865e+04		8.000000e-03
1.140945e+04		8.000000e-03
1.141025e+04		8.000000e-03
1.141105e+04		8.000000e-03
1.141185e+04		8.000000e-03
1.144398e+04		8.000000e-03
1.145478e+04		8.000000e-03
1.145558e+04		8.000000e-03
1.145638e+04		8.000000e-03
1.145718e+04		8.000000e-03
1.145798e+04		8.000000e-03
1.145878e+04		8.000000e-03
1.145958e+04		8.000000e-03
1.146038e+04		8.000000e-03
1.146118e+04		8.000000e-03
1.146198e+04		8.000000e-03
1.146278e+04		8.000000e-03
1.146358e+04		8.000000e-03
1.146438e+04		8.000000e-03
1.146518e+04		8.000000e-03
1.146598e+04		8.000000e-03
1.146678e+04		8.000000e-03
1.146758e+04		8.000000e-03
1.146838e+04		8.000000e-03
1.146918e+04		8.000000e-03
1.146998e+04		8.000000e-03
1.147078e+04		8.000000e-03
1.147158e+04		8.000000e-03
1.147238e+04		8.000000e-03
1.147318e+04		8.000000e-03
1.147398e+04		8.000000e-03
1.147478e+04		8.000000e-03
1.150697e+04		8.000000e-03
1.151777e+04		8.000000e-03
1.151857e+04		8.000000e-03
1.151937e+04		8.000000e-03
1.152017e+04		8.000000e-03
1.152097e+04		8.000000e-03
1.152177e+04		8.000000e-03
1.152257e+04		8.000000e-03
1.152337e+04		8.000000e-03
1.152417e+04		8.000000e-03
1.152497e+04		8.000000e-03
1.152577e+04		8.000000e-03
1.152657e+04		8.000000e-03
1.152737e+04		8.000000e-03
1.152817e+04		8.000000e-03
1.152897e+04		8.000000e-03
1.152977e+04		8.000000e-03
1.153057e+04		8.000000e-03
1.153137e+04		8.000000e-03
1.153217e+04		8.000000e-03
1.153297e+04		8.000000e-03
1.153377e+04		8.000000e-03
1.153457e+04		8.000000e-03
1.153537e+04		8.000000e-03
1.153617e+04		8.000000e-03
1.153697e+04		8.000000e-03
1.153777e+04		8.000000e-03
1.153857e+04		8.000000e-03
1.157080e+04		8.000000e-03
1.158160e+04		8.000000e-03
1.158240e+04		8.000000e-03
1.158320e+04		8.000000e-03
1.158400e+04		8.000000e-03
1.158480e+04		8.000000e-03
1.158560e+04		8.000000e-03
1.158640e+04		8.000000e-03
1.158720e+04		8.000000e-03
1.158800e+04		8.000000e-03
1.158880e+04		8.000000e-03
1.158960e+04		8.000000e-03
1.159040e+04		8.000000e-03
1.159120e+04		8.000000e-03
1.159200e+04		8.000000e-03
1.159280e+04		8.000000e-03
1.159360e+04		8.000000e-03
1.159440e+04		8.000000e-03
1.159520e+04		8.000000e-03
1.159600e+04		8.000000e-03
1.159680e+04		8.000000e-03
1.159760e+04		8.000000e-03
1.159840e+04		8.000000e-03
1.159920e+04		8.000000e-03
1.160000e+04		8.000000e-03
1.160080e+04		8.000000e-03
1.160160e+04		8.000000e-03
1.160240e+04		8.000000e-03
1.160320e+04		8.000000e-03
1.163548e+04		8.000000e-03
1.164628e+04		8.000000e-03
1.164708e+04		8.000000e-03
1.164788e+04		8.000000e-03
1.164868e+04		8.000000e-03
1.164948e+04		8.000000e-03
1.165028e+04		8.000000e-03
1.165108e+04		8.000000e-03
1.165188e+04		8.000000e-03
1.165268e+04		8.000000e-03
1.165348e+04		8.000000e-03
1.165428e+04		8.000000e-03
1.165508e+04		8.000000e-03
1.165588e+04		8.000000e-03
1.165668e+04		8.000000e-03
1.165748e+04		8.000000e-03
1.165828e+04		8.000000e-03
1.165908e+04		8.000000e-03
1.165988e+04		8.000000e-03
1.166068e+04		8.000000e-03
1.166148e+04		8.000000e-03
1.166228e+04		8.000000e-03
1.166308e+04		8.000000e-03
1.166388e+04		8.000000e-03
1.166468e+04		8.000000e-03
1.166548e+04		8.000000e-03
1.166628e+04		8.000000e-03
1.166708e+04		8.000000e-03
1.166788e+04		8.000000e-03
1.170017e+04		8.000000e-03
1.171097e+04		8.000000e-03
1.171177e+04		8.000000e-03
1.171257e+04		8.000000e-03
1.171337e+04		8.000000e-03
1.171417e+04		8.000000e-03
1.171497e+04		8.000000e-03
1.171577e+04		8.000000e-03
1.171657e+04		8.000000e-03
1.171737e+04		8.000000e-03
1.171817e+04		8.000000e-03
1.171897e+04		8.000000e-03
1.171977e+04		8.000000e-03
1.172057e+04		8.000000e-03
1.172137e+04		8.000000e-03
1.172217e+04		8.000000e-03
1.172297e+04		8.000000e-03
1.172377e+04		8.000000e-03
1.172457e+04		8.000000e-03
1.172537e+04		8.000000e-03
1.172617e+04		8.000000e-03
1.172697e+04		8.000000e-03
1.172777e+04		8.000000e-03
1.172857e+04		8.000000e-03
1.172937e+04		8.000000e-03
1.173017e+04		8.000000e-03
1.173097e+04		8.000000e-03
1.173177e+04		8.000000e-03
1.173257e+04		8.000000e-03
1.173337e+04		8.000000e-03
1.176571e+04		8.000000e-03
1.177651e+04		8.000000e-03
1.177731e+04		8.000000e-03
1.177811e+04		8.000000e-03
1.177891e+04		8.000000e-03
1.177971e+04		8.000000e-03
1.178051e+04		8.000000e-03
1.178131e+04		8.000000e-03
1.178211e+04		8.000000e-03
1.178291e+04		8.000000e-03
1.178371e+04		8.000000e-03
1.178451e+04		8.000000e-03
1.178531e+04		8.000000e-03
1.178611e+04		8.000000e-03
1.178691e+04		8.000000e-03
1.178771e+04		8.000000e-03
1.178851e+04		8.000000e-03
1.178931e+04		8.000000e-03
1.179011e+04		8.000000e-03
1.179091e+04		8.000000e-03
1.179171e+04		8.000000e-03
1.179251e+04		8.000000e-03
1.179331e+04		8.000000e-03
1.179411e+04		8.000000e-03
1.179491e+04		8.000000e-03
1.179571e+04		8.000000e-03
1.179651e+04		8.000000e-03
1.179731e+04		8.000000e-03
1.179811e+04		8.000000e-03
1.179891e+04		8.000000e-03
1.179971e+04		8.000000e-03
1.183209e+04		8.000000e-03
1.184289e+04		8.000000e-03
1.184369e+04		8.000000e-03
1.184449e+04		8.000000e-03
1.184529e+04		8.000000e-03
1.184609e+04		8.000000e-03
1.184689e+04		8.000000e-03
1.184769e+04		8.000000e-03
1.184849e+04		8.000000e-03
1.184929e+04		8.000000e-03
1.185009e+04		8.000000e-03
1.185089e+04		8.000000e-03
1.185169e+04		8.000000e-03
1.185249e+04		8.000000e-03
1.185329e+04		8.000000e-03
1.185409e+04		8.000000e-03
1.185489e+04		8.000000e-03
1.185569e+04		8.000000e-03
1.185649e+04		8.000000e-03
1.185729e+04		8.000000e-03
1.185809e+04		8.000000e-03
1.185889e+04		8.000000e-03
1.185969e+04		8.000000e-03
1.186049e+04		8.000000e-03
1.186129e+04		8.000000e-03
1.186209e+04		8.000000e-03
1.186289e+04		8.000000e-03
1.186369e+04		8.000000e-03
1.186449e+04		8.000000e-03
1.186529e+04		8.000000e-03
1.186609e+04		8.000000e-03
1.186689e+04		8.000000e-03
1.189933e+04		8.000000e-03
1.191013e+04		8.000000e-03
1.191093e+04		8.000000e-03
1.191173e+04		8.000000e-03
1.191253e+04		8.000000e-03
1.191333e+04		8.000000e-03
1.191413e+04		8.000000e-03
1.191493e+04		8.000000e-03
1.191573e+04		8.000000e-03
1.191653e+04		8.000000e-03
1.191733e+04		8.000000e-03
1.191813e+04		8.000000e-03
1.191893e+04		8.000000e-03
1.191973e+04		8.000000e-03
1.192053e+04		8.000000e-03
1.192133e+04		8.000000e-03
1.192213e+04		8.000000e-03
1.192293e+04		8.000000e-03
1.192373e+04		8.000000e-03
1.192453e+04		8.000000e-03
1.192533e+04		8.000000e-03
1.192613e+04		8.000000e-03
1.192693e+04		8.000000e-03
1.192773e+04		8.000000e-03
1.192853e+04		8.000000e-03
1.192933e+04		8.000000e-03
1.193013e+04		8.000000e-03
1.193093e+04		8.000000e-03
1.193173e+04		8.000000e-03
1.193253e+04		8.000000e-03
1.193333e+04		8.000000e-03
1.193413e+04		8.000000e-03
1.193493e+04		8.000000e-03
1.196742e+04		8.000000e-03
1.197822e+04		8.000000e-03
1.197902e+04		8.000000e-03
1.197982e+04		8.000000e-03
1.198062e+04		8.000000e-03
1.198142e+04		8.000000e-03
1.198222e+04		8.000000e-03
1.198302e+04		8.000000e-03
1.198382e+04		8.000000e-03
1.198462e+04		8.000000e-03
1.198542e+04		8.000000e-03
1.198622e+04		8.000000e-03
1.198702e+04		8.000000e-03
1.198782e+04		8.000000e-03
1.198862e+04		8.000000e-03
1.198942e+04		8.000000e-03
1.199022e+04		8.000000e-03
1.199102e+04		8.000000e-03
1.199182e+04		8.000000e-03
1.199262e+04		8.000000e-03
1.199342e+04		8.000000e-03
1.199422e+04		8.000000e-03
1.199502e+04		8.000000e-03
1.199582e+04		8.000000e-03
1.199662e+04		8.000000e-03
1.199742e+04		8.000000e-03
1.199822e+04		8.000000e-03
1.199902e+04		8.000000e-03
1.199982e+04		8.000000e-03
1.200062e+04		8.000000e-03
1.200142e+04		8.000000e-03
1.200222e+04		8.000000e-03
1.200302e+04		8.000000e-03
1.200382e+04		8.000000e-03
1.203636e+04		8.000000e-03
1.204716e+04		8.000000e-03
1.204796e+04		8.000000e-03
1.204876e+04		8.000000e-03
1.204956e+04		8.000000e-03
1.205036e+04		8.000000e-03
1.205116e+04		8.000000e-03
1.205196e+04		8.000000e-03
1.205276e+04		8.000000e-03
1.205356e+04		8.000000e-03
1.205436e+04		8.000000e-03
1.205516e+04		8.000000e-03
1.205596e+04		8.000000e-03
1.205676e+04		8.000000e-03
1.205756e+04		8.000000e-03
1.205836e+04		8.000000e-03
1.205916e+04		8.000000e-03
1.205996e+04		8.000000e-03
1.206076e+04		8.000000e-03
1.206156e+04		8.000000e-03
1.206236e+04		8.000000e-03
1.206316e+04		8.000000e-03
1.206396e+04		8.000000e-03
1.206476e+04		8.000000e-03
1.206556e+04		8.000000e-03
1.206636e+04		8.000000e-03
1.206716e+04		8.000000e-03
1.206796e+04		8.000000e-03
1.206876e+04		8.000000e-03
1.206956e+04		8.000000e-03
1.207036e+04		8.000000e-03
1.207116e+04		8.000000e-03
1.207196e+04		8.000000e-03
1.207276e+04		8.000000e-03
1.207356e+04		8.000000e-03
1.210615e+04		8.000000e-03
1.211695e+04		8.000000e-03
1.211775e+04		8.000000e-03
1.211855e+04		8.000000e-03
1.211935e+04		8.000000e-03
1.212015e+04		8.000000e-03
1.212095e+04		8.000000e-03
1.212175e+04		8.000000e-03
1.212255e+04		8.000000e-03
1.212335e+04		8.000000e-03
1.212415e+04		8.000000e-03
1.212495e+04		8.000000e-03
1.212575e+04		8.000000e-03
1.212655e+04		8.000000e-03
1.212735e+04		8.000000e-03
1.212815e+04		8.000000e-03
1.212895e+04		8.000000e-03
1.212975e+04		8.000000e-03
1.213055e+04		8.000000e-03
1.213135e+04		8.000000e-03
1.213215e+04		8.000000e-03
1.213295e+04		8.000000e-03
1.213375e+04		8.000000e-03
1.213455e+04		8.000000e-03
1.213535e+04		8.000000e-03
1.213615e+04		8.000000e-03
1.213695e+04		8.000000e-03
1.213775e+04		8.000000e-03
1.213855e+04		8.000000e-03
1.213935e+04		8.000000e-03
1.214015e+04		8.000000e-03
1.214095e+04		8.000000e-03
1.214175e+04		8.000000e-03
1.214255e+04		8.000000e-03
1.214335e+04		8.000000e-03
1.214415e+04		8.000000e-03
1.217680e+04		8.000000e-03
1.218760e+04		8.000000e-03
1.218840e+04		8.000000e-03
1.218920e+04		8.000000e-03
1.219000e+04		8.000000e-03
1.219080e+04		8.000000e-03
1.219160e+04		8.000000e-03
1.219240e+04		8.000000e-03
1.219320e+04		8.000000e-03
1.219400e+04		8.000000e-03
1.219480e+04		8.000000e-03
1.219560e+04		8.000000e-03
1.219640e+04		8.000000e-03
1.219720e+04		8.000000e-03
1.219800e+04		8.000000e-03
1.219880e+04		8.000000e-03
1.219960e+04		8.000000e-03
1.220040e+04		8.000000e-03
1.220120e+04		8.000000e-03
1.220200e+04		8.000000e-03
1.220280e+04		8.000000e-03
1.220360e+04		8.000000e-03
1.220440e+04		8.000000e-03
1.220520e+04		8.000000e-03
1.220600e+04		8.000000e-03
1.220680e+04		8.000000e-03
1.220760e+04		8.000000e-03
1.220840e+04		8.000000e-03
1.220920e+04		8.000000e-03
1.221000e+04		8.000000e-03
1.221080e+04		8.000000e-03
1.221160e+04		8.000000e-03
1.221240e+04		8.000000e-03
1.221320e+04		8.000000e-03
1.221400e+04		8.000000e-03
1.221480e+04		8.000000e-03
1.221560e+04		8.000000e-03
1.224829e+04		8.000000e-03
1.225909e+04		8.000000e-03
1.225989e+04		8.000000e-03
1.226069e+04		8.000000e-03
1.226149e+04		8.000000e-03
1.226229e+04		8.000000e-03
1.226309e+04		8.000000e-03
1.226389e+04		8.000000e-03
1.226469e+04		8.000000e-03
1.226549e+04		8.000000e-03
1.226629e+04		8.000000e-03
1.226709e+04		8.000000e-03
1.226789e+04		8.000000e-03
1.226869e+04		8.000000e-03
1.226949e+04		8.000000e-03
1.227029e+04		8.000000e-03
1.227109e+04		8.000000e-03
1.227189e+04		8.000000e-03
1.227269e+04		8.000000e-03
1.227349e+04		8.000000e-03
1.227429e+04		8.000000e-03
1.227509e+04		8.000000e-03
1.227589e+04		8.000000e-03
1.227669e+04		8.000000e-03
1.227749e+04		8.000000e-03
1.227829e+04		8.000000e-03
1.227909e+04		8.000000e-03
1.227989e+04		8.000000e-03
1.228069e+04		8.000000e-03
1.228149e+04		8.000000e-03
1.228229e+04		8.000000e-03
1.228309e+04		8.000000e-03
1.228389e+04		8.000000e-03
1.228469e+04		8.000000e-03
1.228549e+04		8.000000e-03
1.228629e+04		8.000000e-03
1.228709e+04		8.000000e-03
1.228789e+04		8.000000e-03
1.232064e+04		8.000000e-03
1.233144e+04		8.000000e-03
1.233224e+04		8.000000e-03
1.233304e+04		8.000000e-03
1.233384e+04		8.000000e-03
1.233464e+04		8.000000e-03
1.233544e+04		8.000000e-03
1.233624e+04		8.000000e-03
1.233704e+04		8.000000e-03
1.233784e+04		8.000000e-03
1.233864e+04		8.000000e-03
1.233944e+04		8.000000e-03
1.234024e+04		8.000000e-03
1.234104e+04		8.000000e-03
1.234184e+04		8.000000e-03
1.234264e+04		8.000000e-03
1.234344e+04		8.000000e-03
1.234424e+04		8.000000e-03
1.234504e+04		8.000000e-03
1.234584e+04		8.000000e-03
1.234664e+04		8.000000e-03
1.234744e+04		8.000000e-03
1.234824e+04		8.000000e-03
1.234904e+04		8.000000e-03
1.234984e+04		8.000000e-03
1.235064e+04		8.000000e-03
1.235144e+04		8.000000e-03
1.235224e+04		8.000000e-03
1.235304e+04		8.000000e-03
1.235384e+04		8.000000e-03
1.235464e+04		8.000000e-03
1.235544e+04		8.000000e-03
1.235624e+04		8.000000e-03
1.235704e+04		8.000000e-03
1.235784e+04		8.000000e-03
1.235864e+04		8.000000e-03
1.235944e+04		8.000000e-03
1.236024e+04		8.000000e-03
1.236104e+04		8.000000e-03
1.239383e+04		8.000000e-03
1.240463e+04		8.000000e-03
1.240543e+04		8.000000e-03
1.240623e+04		8.000000e-03
1.240703e+04		8.000000e-03
1.240783e+04		8.000000e-03
1.240863e+04		8.000000e-03
1.240943e+04		8.000000e-03
1.241023e+04		8.000000e-03
1.241103e+04		8.000000e-03
1.241183e+04		8.000000e-03
1.241263e+04		8.000000e-03
1.241343e+04		8.000000e-03
1.241423e+04		8.000000e-03
1.241503e+04		8.000000e-03
1.241583e+04		8.000000e-03
1.241663e+04		8.000000e-03
1.241743e+04		8.000000e-03
1.241823e+04		8.000000e-03
1.241903e+04		8.000000e-03
1.241983e+04		8.000000e-03
1.242063e+04		8.000000e-03
1.242143e+04		8.000000e-03
1.242223e+04		8.000000e-03
1.242303e+04		8.000000e-03
1.242383e+04		8.000000e-03
1.242463e+04		8.000000e-03
1.242543e+04		8.000000e-03
1.242623e+04		8.000000e-03
1.242703e+04		8.000000e-03
1.242783e+04		8.000000e-03
1.242863e+04		8.000000e-03
1.242943e+04		8.000000e-03
1.243023e+04		8.000000e-03
1.243103e+04		8.000000e-03
1.243183e+04		8.000000e-03
1.243263e+04		8.000000e-03
1.243343e+04		8.000000e-03
1.243423e+04		8.000000e-03
1.243503e+04		8.000000e-03
1.246788e+04		8.000000e-03
1.247868e+04		8.000000e-03
1.247948e+04		8.000000e-03
1.248028e+04		8.000000e-03
1.248108e+04		8.000000e-03
1.248188e+04		8.000000e-03
1.248268e+04		8.000000e-03
1.248348e+04		8.000000e-03
1.248428e+04		8.000000e-03
1.248508e+04		8.000000e-03
1.248588e+04		8.000000e-03
1.248668e+04		8.000000e-03
1.248748e+04		8.000000e-03
1.248828e+04		8.000000e-03
1.248908e+04		8.000000e-03
1.248988e+04		8.000000e-03
1.249068e+04		8.000000e-03
1.249148e+04		8.000000e-03
1.249228e+04		8.000000e-03
1.249308e+04		8.000000e-03
1.249388e+04		8.000000e-03
1.249468e+04		8.000000e-03
1.249548e+04		8.000000e-03
1.249628e+04		8.000000e-03
1.249708e+04		8.000000e-03
1.249788e+04		8.000000e-03
1.249868e+04		8.000000e-03
1.249948e+04		8.000000e-03
1.250028e+04		8.000000e-03
1.250108e+04		8.000000e-03
1.250188e+04		8.000000e-03
1.250268e+04		8.000000e-03
1.250348e+04		8.000000e-03
1.250428e+04		8.000000e-03
1.250508e+04		8.000000e-03
1.250588e+04		8.000000e-03
1.250668e+04		8.000000e-03
1.250748e+04		8.000000e-03
1.250828e+04		8.000000e-03
1.250908e+04		8.000000e-03
1.250988e+04		8.000000e-03
1.254278e+04		8.000000e-03
1.255358e+04		8.000000e-03
1.255438e+04		8.000000e-03
1.255518e+04		8.000000e-03
1.255598e+04		8.000000e-03
1.255678e+04		8.000000e-03
1.255758e+04		8.000000e-03
1.255838e+04		8.000000e-03
1.255918e+04		8.000000e-03
1.255998e+04		8.000000e-03
1.256078e+04		8.000000e-03
1.256158e+04		8.000000e-03
1.256238e+04		8.000000e-03
1.256318e+04		8.000000e-03
1.256398e+04		8.000000e-03
1.256478e+04		8.000000e-03
1.256558e+04		8.000000e-03
1.256638e+04		8.000000e-03
1.256718e+04		8.000000e-03
1.256798e+04		8.000000e-03
1.256878e+04		8.000000e-03
1.256958e+04		8.000000e-03
1.257038e+04		8.000000e-03
1.257118e+04		8.000000e-03
1.257198e+04		8.000000e-03
1.257278e+04		8.000000e-03
1.257358e+04		8.000000e-03
1.257438e+04		8.000000e-03
1.257518e+04		8.000000e-03
1.257598e+04		8.000000e-03
1.257678e+04		8.000000e-03
1.257758e+04		8.000000e-03
1.257838e+04		8.000000e-03
1.257918e+04		8.000000e-03
1.257998e+04		8.000000e-03
1.258078e+04		8.000000e-03
1.258158e+04		8.000000e-03
1.258238e+04		8.000000e-03
1.258318e+04		8.000000e-03
1.258398e+04		8.000000e-03
1.258478e+04		8.000000e-03
1.258558e+04		8.000000e-03
1.261853e+04		8.000000e-03
1.262933e+04		8.000000e-03
1.263013e+04		8.000000e-03
1.263093e+04		8.000000e-03
1.263173e+04		8.000000e-03
1.263253e+04		8.000000e-03
1.263333e+04		8.000000e-03
1.263413e+04		8.000000e-03
1.263493e+04		8.000000e-03
1.263573e+04		8.000000e-03
1.263653e+04		8.000000e-03
1.263733e+04		8.000000e-03
1.263813e+04		8.000000e-03
1.263893e+04		8.000000e-03
1.263973e+04		8.000000e-03
1.264053e+04		8.000000e-03
1.264133e+04		8.000000e-03
1.264213e+04		8.000000e-03
1.264293e+04		8.000000e-03
1.264373e+04		8.000000e-03
1.264453e+04		8.000000e-03
1.264533e+04		8.000000e-03
1.264613e+04		8.000000e-03
1.264693e+04		8.000000e-03
1.264773e+04		8.000000e-03
1.264853e+04		8.000000e-03
1.264933e+04		8.000000e-03
1.265013e+04		8.000000e-03
1.265093e+04		8.000000e-03
1.265173e+04		8.000000e-03
1.265253e+04		8.000000e-03
1.265333e+04		8.000000e-03
1.265413e+04		8.000000e-03
1.265493e+04		8.000000e-03
1.265573e+04		8.000000e-03
1.265653e+04		8.000000e-03
1.265733e+04		8.000000e-03
1.265813e+04		8.000000e-03
1.265893e+04		8.000000e-03
1.265973e+04		8.000000e-03
1.266053e+04		8.000000e-03
1.266133e+04		8.000000e-03
1.266213e+04		8.000000e-03
1.269513e+04		8.000000e-03
1.270593e+04		8.000000e-03
1.270673e+04		8.000000e-03
1.270753e+04		8.000000e-03
1.270833e+04		8.000000e-03
1.270913e+04		8.000000e-03
1.270993e+04		8.000000e-03
1.271073e+04		8.000000e-03
1.271153e+04		8.000000e-03
1.271233e+04		8.000000e-03
1.271313e+04		8.000000e-03
1.271393e+04		8.000000e-03
1.271473e+04		8.000000e-03
1.271553e+04		8.000000e-03
1.271633e+04		8.000000e-03
1.271713e+04		8.000000e-03
1.271793e+04		8.000000e-03
1.271873e+04		8.000000e-03
1.271953e+04		8.000000e-03
1.272033e+04		8.000000e-03
1.272113e+04		8.000000e-03
1.272193e+04		8.000000e-03
1.272273e+04		8.000000e-03
1.272353e+04		8.000000e-03
1.272433e+04		8.000000e-03
1.272513e+04		8.000000e-03
1.272593e+04		8.000000e-03
1.272673e+04		8.000000e-03
1.272753e+04		8.000000e-03
1.272833e+04		8.000000e-03
1.272913e+04		8.000000e-03
1.272993e+04		8.000000e-03
1.273073e+04		8.000000e-03
1.273153e+04		8.000000e-03
1.273233e+04		8.000000e-03
1.273313e+04		8.000000e-03
1.273393e+04		8.000000e-03
1.273473e+04		8.000000e-03
1.273553e+04		8.000000e-03
1.273633e+04		8.000000e-03
1.273713e+04		8.000000e-03
1.273793e+04		8.000000e-03
1.273873e+04		8.000000e-03
1.273953e+04		8.000000e-03
1.277259e+04		8.000000e-03
1.278339e+04		8.000000e-03
1.278419e+04		8.000000e-03
1.278499e+04		8.000000e-03
1.278579e+04		8.000000e-03
1.278659e+04		8.000000e-03
1.278739e+04		8.000000e-03
1.278819e+04		8.000000e-03
1.278899e+04		8.000000e-03
1.278979e+04		8.000000e-03
1.279059e+04		8.000000e-03
1.279139e+04		8.000000e-03
1.279219e+04		8.000000e-03
1.279299e+04		8.000000e-03
1.279379e+04		8.000000e-03
1.279459e+04		8.000000e-03
1.279539e+04		8.000000e-03
1.279619e+04		8.000000e-03
1.279699e+04		8.000000e-03
1.279779e+04		8.000000e-03
1.279859e+04		8.000000e-03
1.279939e+04		8.000000e-03
1.280019e+04		8.000000e-03
1.280099e+04		8.000000e-03
1.280179e+04		8.000000e-03
1.280259e+04		8.000000e-03
1.280339e+04		8.000000e-03
1.280419e+04		8.000000e-03
1.280499e+04		8.000000e-03
1.280579e+04		8.000000e-03
1.280659e+04		8.000000e-03
1.280739e+04		8.000000e-03
1.280819e+04		8.000000e-03
1.280899e+04		8.000000e-03
1.280979e+04		8.000000e-03
1.281059e+04		8.000000e-03
1.281139e+04		8.000000e-03
1.281219e+04		8.000000e-03
1.281299e+04		8.000000e-03
1.281379e+04		8.000000e-03
1.281459e+04		8.000000e-03
1.281539e+04		8.000000e-03
1.281619e+04		8.000000e-03
1.281699e+04		8.000000e-03
1.281779e+04		8.000000e-03
1.285089e+04		8.000000e-03
1.286169e+04		8.000000e-03
1.286249e+04		8.000000e-03
1.286329e+04		8.000000e-03
1.286409e+04		8.000000e-03
1.286489e+04		8.000000e-03
1.286569e+04		8.000000e-03
1.286649e+04		8.000000e-03
1.286729e+04		8.000000e-03
1.286809e+04		8.000000e-03
1.286889e+04		8.000000e-03
1.286969e+04		8.000000e-03
1.287049e+04		8.000000e-03
1.287129e+04		8.000000e-03
1.287209e+04		8.000000e-03
1.287289e+04		8.000000e-03
1.287369e+04		8.000000e-03
1.287449e+04		8.000000e-03
1.287529e+04		8.000000e-03
1.287609e+04		8.000000e-03
1.287689e+04		8.000000e-03
1.287769e+04		8.000000e-03
1.287849e+04		8.000000e-03
1.287929e+04		8.000000e-03
1.288009e+04		8.000000e-03
1.288089e+04		8.000000e-03
1.288169e+04		8.000000e-03
1.288249e+04		8.000000e-03
1.288329e+04		8.000000e-03
1.288409e+04		8.000000e-03
1.288489e+04		8.000000e-03
1.288569e+04		8.000000e-03
1.288649e+04		8.000000e-03
1.288729e+04		8.000000e-03
1.288809e+04		8.000000e-03
1.288889e+04		8.000000e-03
1.288969e+04		8.000000e-03
1.289049e+04		8.000000e-03
1.289129e+04		8.000000e-03
1.289209e+04		8.000000e-03
1.289289e+04		8.000000e-03
1.289369e+04		8.000000e-03
1.289449e+04		8.000000e-03
1.289529e+04		8.000000e-03
1.289609e+04		8.000000e-03
1.289689e+04		8.000000e-03
1.293004e+04		8.000000e-03
1.294084e+04		8.000000e-03
1.294164e+04		8.000000e-03
1.294244e+04		8.000000e-03
1.294324e+04		8.000000e-03
1.294404e+04		8.000000e-03
1.294484e+04		8.000000e-03
1.294564e+04		8.000000e-03
1.294644e+04		8.000000e-03
1.294724e+04		8.000000e-03
1.294804e+04		8.000000e-03
1.294884e+04		8.000000e-03
1.294964e+04		8.000000e-03
1.295044e+04		8.000000e-03
1.295124e+04		8.000000e-03
1.295204e+04		8.000000e-03
1.295284e+04		8.000000e-03
1.295364e+04		8.000000e-03
1.295444e+04		8.000000e-03
1.295524e+04		8.000000e-03
1.295604e+04		8.000000e-03
1.295684e+04		8.000000e-03
1.295764e+04		8.000000e-03
1.295844e+04		8.000000e-03
1.295924e+04		8.000000e-03
1.296004e+04		8.000000e-03
1.296084e+04		8.000000e-03
1.296164e+04		8.000000e-03
1.296244e+04		8.000000e-03
1.296324e+04		8.000000e-03
1.296404e+04		8.000000e-03
1.296484e+04		8.000000e-03
1.296564e+04		8.000000e-03
1.296644e+04		8.000000e-03
1.296724e+04		8.000000e-03
1.296804e+04		8.000000e-03
1.296884e+04		8.000000e-03
1.296964e+04		8.000000e-03
1.297044e+04		8.000000e-03
1.297124e+04		8.000000e-03
1.297204e+04		8.000000e-03
1.297284e+04		8.000000e-03
1.297364e+04		8.000000e-03
1.297444e+04		8.000000e-03
1.297524e+04		8.000000e-03
1.297604e+04		8.000000e-03
1.297684e+04		8.000000e-03
1.301005e+04		8.000000e-03
1.302085e+04		8.000000e-03
1.302165e+04		8.000000e-03
1.302245e+04		8.000000e-03
1.302325e+04		8.000000e-03
1.302405e+04		8.000000e-03
1.302485e+04		8.000000e-03
1.302565e+04		8.000000e-03
1.302645e+04		8.000000e-03
1.302725e+04		8.000000e-03
1.302805e+04		8.000000e-03
1.302885e+04		8.000000e-03
1.302965e+04		8.000000e-03
1.303045e+04		8.000000e-03
1.303125e+04		8.000000e-03
1.303205e+04		8.000000e-03
1.303285e+04		8.000000e-03
1.303365e+04		8.000000e-03
1.303445e+04		8.000000e-03
1.303525e+04		8.000000e-03
1.303605e+04		8.000000e-03
1.303685e+04		8.000000e-03
1.303765e+04		8.000000e-03
1.303845e+04		8.000000e-03
1.303925e+04		8.000000e-03
1.304005e+04		8.000000e-03
1.304085e+04		8.000000e-03
1.304165e+04		8.000000e-03
1.304245e+04		8.000000e-03
1.304325e+04		8.000000e-03
1.304405e+04		8.000000e-03
1.304485e+04		8.000000e-03
1.304565e+04		8.000000e-03
1.304645e+04		8.000000e-03
1.304725e+04		8.000000e-03
1.304805e+04		8.000000e-03
1.304885e+04		8.000000e-03
1.304965e+04		8.000000e-03
1.305045e+04		8.000000e-03
1.305125e+04		8.000000e-03
1.305205e+04		8.000000e-03
1.305285e+04		8.000000e-03
1.305365e+04		8.000000e-03
1.305445e+04		8.000000e-03
1.305525e+04		8.000000e-03
1.305605e+04		8.000000e-03
1.305685e+04		8.000000e-03
1.305765e+04		8.000000e-03
1.309091e+04		8.000000e-03
1.310171e+04		8.000000e-03
1.310251e+04		8.000000e-03
1.310331e+04		8.000000e-03
1.310411e+04		8.000000e-03
1.310491e+04		8.000000e-03
1.310571e+04		8.000000e-03
1.310651e+04		8.000000e-03
1.310731e+04		8.000000e-03
1.310811e+04		8.000000e-03
1.310891e+04		8.000000e-03
1.310971e+04		8.000000e-03
1.311051e+04		8.000000e-03
1.311131e+04		8.000000e-03
1.311211e+04		8.000000e-03
1.311291e+04		8.000000e-03
1.311371e+04		8.000000e-03
1.311451e+04		8.000000e-03
1.311531e+04		8.000000e-03
1.311611e+04		8.000000e-03
1.311691e+04		8.000000e-03
1.311771e+04		8.000000e-03
1.311851e+04		8.000000e-03
1.311931e+04		8.000000e-03
1.312011e+04		8.000000e-03
1.312091e+04		8.000000e-03
1.312171e+04		8.000000e-03
1.312251e+04		8.000000e-03
1.312331e+04		8.000000e-03
1.312411e+04		8.000000e-03
1.312491e+04		8.000000e-03
1.312571e+04		8.000000e-03
1.312651e+04		8.000000e-03
1.312731e+04		8.000000e-03
1.312811e+04		8.000000e-03
1.312891e+04		8.000000e-03
1.312971e+04		8.000000e-03
1.313051e+04		8.000000e-03
1.313131e+04		8.000000e-03
1.313211e+04		8.000000e-03
1.313291e+04		8.000000e-03
1.313371e+04		8.000000e-03
1.313451e+04		8.000000e-03
1.313531e+04		8.000000e-03
1.313611e+04		8.000000e-03
1.313691e+04		8.000000e-03
1.313771e+04		8.000000e-03
1.313851e+04		8.000000e-03
1.313931e+04		8.000000e-03
1.317262e+04		8.000000e-03
1.318342e+04		8.000000e-03
1.318422e+04		8.000000e-03
1.318502e+04		8.000000e-03
1.318582e+04		8.000000e-03
1.318662e+04		8.000000e-03
1.318742e+04		8.000000e-03
1.318822e+04		8.000000e-03
1.318902e+04		8.000000e-03
1.318982e+04		8.000000e-03
1.319062e+04		8.000000e-03
1.319142e+04		8.000000e-03
1.319222e+04		8.000000e-03
1.319302e+04		8.000000e-03
1.319382e+04		8.000000e-03
1.319462e+04		8.000000e-03
1.319542e+04		8.000000e-03
1.319622e+04		8.000000e-03
1.319702e+04		8.000000e-03
1.319782e+04		8.000000e-03
1.319862e+04		8.000000e-03
1.319942e+04		8.000000e-03
1.320022e+04		8.000000e-03
1.320102e+04		8.000000e-03
1.320182e+04		8.000000e-03
1.320262e+04		8.000000e-03
1.320342e+04		8.000000e-03
1.320422e+04		8.000000e-03
1.320502e+04		8.000000e-03
1.320582e+04		8.000000e-03
1.320662e+04		8.000000e-03
1.320742e+04		8.000000e-03
1.320822e+04		8.000000e-03
1.320902e+04		8.000000e-03
1.320982e+04		8.000000e-03
1.321062e+04		8.000000e-03
1.321142e+04		8.000000e-03
1.321222e+04		8.000000e-03
1.321302e+04		8.000000e-03
1.321382e+04		8.000000e-03
1.321462e+04		8.000000e-03
1.321542e+04		8.000000e-03
1.321622e+04		8.000000e-03
1.321702e+04		8.000000e-03
1.321782e+04		8.000000e-03
1.321862e+04		8.000000e-03
1.321942e+04		8.000000e-03
1.322022e+04		8.000000e-03
1.322102e+04		8.000000e-03
1.322182e+04		8.000000e-03
1.325518e+04		8.000000e-03
1.326598e+04		8.000000e-03
1.326678e+04		8.000000e-03
1.326758e+04		8.000000e-03
1.326838e+04		8.000000e-03
1.326918e+04		8.000000e-03
1.326998e+04		8.000000e-03
1.327078e+04		8.000000e-03
1.327158e+04		8.000000e-03
1.327238e+04		8.000000e-03
1.327318e+04		8.000000e-03
1.327398e+04		8.000000e-03
1.327478e+04		8.000000e-03
1.327558e+04		8.000000e-03
1.327638e+04		8.000000e-03
1.327718e+04		8.000000e-03
1.327798e+04		8.000000e-03
1.327878e+04		8.000000e-03
1.327958e+04		8.000000e-03
1.328038e+04		8.000000e-03
1.328118e+04		8.000000e-03
1.328198e+04		8.000000e-03
1.328278e+04		8.000000e-03
1.328358e+04		8.000000e-03
1.328438e+04		8.000000e-03
1.328518e+04		8.000000e-03
1.328598e+04		8.000000e-03
1.328678e+04		8.000000e-03
1.328758e+04		8.000000e-03
1.328838e+04		8.000000e-03
1.328918e+04		8.000000e-03
1.328998e+04		8.000000e-03
1.329078e+04		8.000000e-03
1.329158e+04		8.000000e-03
1.329238e+04		8.000000e-03
1.329318e+04		8.000000e-03
1.329398e+04		8.000000e-03
1.329478e+04		8.000000e-03
1.329558e+04		8.000000e-03
1.329638e+04		8.000000e-03
1.329718e+04		8.000000e-03
1.329798e+04		8.000000e-03
1.329878e+04		8.000000e-03
1.329958e+04		8.000000e-03
1.330038e+04		8.000000e-03
1.330118e+04		8.000000e-03
1.330198e+04		8.000000e-03
1.330278e+04		8.000000e-03
1.330358e+04		8.000000e-03
1.330438e+04		8.000000e-03
1.330518e+04		8.000000e-03
1.333859e+04		8.000000e-03
1.334939e+04		8.000000e-03
1.335019e+04		8.000000e-03
1.335099e+04		8.000000e-03
1.335179e+04		8.000000e-03
1.335259e+04		8.000000e-03
1.335339e+04		8.000000e-03
1.335419e+04		8.000000e-03
1.335499e+04		8.000000e-03
1.335579e+04		8.000000e-03
1.335659e+04		8.000000e-03
1.335739e+04		8.000000e-03
1.335819e+04		8.000000e-03
1.335899e+04		8.000000e-03
1.335979e+04		8.000000e-03
1.336059e+04		8.000000e-03
1.336139e+04		8.000000e-03
1.336219e+04		8.000000e-03
1.336299e+04		8.000000e-03
1.336379e+04		8.000000e-03
1.336459e+04		8.000000e-03
1.336539e+04		8.000000e-03
1.336619e+04		8.000000e-03
1.336699e+04		8.000000e-03
1.336779e+04		8.000000e-03
1.336859e+04		8.000000e-03
1.336939e+04		8.000000e-03
1.337019e+04		8.000000e-03
1.337099e+04		8.000000e-03
1.337179e+04		8.000000e-03
1.337259e+04		8.000000e-03
1.337339e+04		8.000000e-03
1.337419e+04		8.000000e-03
1.337499e+04		8.000000e-03
1.337579e+04		8.000000e-03
1.337659e+04		8.000000e-03
1.337739e+04		8.000000e-03
1.337819e+04		8.000000e-03
1.337899e+04		8.000000e-03
1.337979e+04		8.000000e-03
1.338059e+04		8.000000e-03
1.338139e+04		8.000000e-03
1.338219e+04		8.000000e-03
1.338299e+04		8.000000e-03
1.338379e+04		8.000000e-03
1.338459e+04		8.000000e-03
1.338539e+04		8.000000e-03
1.338619e+04		8.000000e-03
1.338699e+04		8.000000e-03
1.338779e+04		8.000000e-03
1.338859e+04		8.000000e-03
1.338939e+04		8.000000e-03
1.342285e+04		8.000000e-03
1.343365e+04		8.000000e-03
1.343445e+04		8.000000e-03
1.343525e+04		8.000000e-03
1.343605e+04		8.000000e-03
1.343685e+04		8.000000e-03
1.343765e+04		8.000000e-03
1.343845e+04		8.000000e-03
1.343925e+04		8.000000e-03
1.344005e+04		8.000000e-03
1.344085e+04		8.000000e-03
1.344165e+04		8.000000e-03
1.344245e+04		8.000000e-03
1.344325e+04		8.000000e-03
1.344405e+04		8.000000e-03
1.344485e+04		8.000000e-03
1.344565e+04		8.000000e-03
1.344645e+04		8.000000e-03
1.344725e+04		8.000000e-03
1.344805e+04		8.000000e-03
1.344885e+04		8.000000e-03
1.344965e+04		8.000000e-03
1.345045e+04		8.000000e-03
1.345125e+04		8.000000e-03
1.345205e+04		8.000000e-03
1.345285e+04		8.000000e-03
1.345365e+04		8.000000e-03
1.345445e+04		8.000000e-03
1.345525e+04		8.000000e-03
1.345605e+04		8.000000e-03
1.345685e+04		8.000000e-03
1.345765e+04		8.000000e-03
1.345845e+04		8.000000e-03
1.345925e+04		8.000000e-03
1.346005e+04		8.000000e-03
1.346085e+04		8.000000e-03
1.346165e+04		8.000000e-03
1.346245e+04		8.000000e-03
1.346325e+04		8.000000e-03
1.346405e+04		8.000000e-03
1.346485e+04		8.000000e-03
1.346565e+04		8.000000e-03
1.346645e+04		8.000000e-03
1.346725e+04		8.000000e-03
1.346805e+04		8.000000e-03
1.346885e+04		8.000000e-03
1.346965e+04		8.000000e-03
1.347045e+04		8.000000e-03
1.347125e+04		8.000000e-03
1.347205e+04		8.000000e-03
1.347285e+04		8.000000e-03
1.347365e+04		8.000000e-03
1.347445e+04		8.000000e-03
1.350796e+04		8.000000e-03
1.351876e+04		8.000000e-03
1.351956e+04		8.000000e-03
1.352036e+04		8.000000e-03
1.352116e+04		8.000000e-03
1.352196e+04		8.000000e-03
1.352276e+04		8.000000e-03
1.352356e+04		8.000000e-03
1.352436e+04		8.000000e-03
1.352516e+04		8.000000e-03
1.352596e+04		8.000000e-03
1.352676e+04		8.000000e-03
1.352756e+04		8.000000e-03
1.352836e+04		8.000000e-03
1.352916e+04		8.000000e-03
1.352996e+04		8.000000e-03
1.353076e+04		8.000000e-03
1.353156e+04		8.000000e-03
1.353236e+04		8.000000e-03
1.353316e+04		8.000000e-03
1.353396e+04		8.000000e-03
1.353476e+04		8.000000e-03
1.353556e+04		8.000000e-03
1.353636e+04		8.000000e-03
1.353716e+04		8.000000e-03
1.353796e+04		8.000000e-03
1.353876e+04		8.000000e-03
1.353956e+04		8.000000e-03
1.354036e+04		8.000000e-03
1.354116e+04		8.000000e-03
1.354196e+04		8.000000e-03
1.354276e+04		8.000000e-03
1.354356e+04		8.000000e-03
1.354436e+04		8.000000e-03
1.354516e+04		8.000000e-03
1.354596e+04		8.000000e-03
1.354676e+04		8.000000e-03
1.354756e+04		8.000000e-03
1.354836e+04		8.000000e-03
1.354916e+04		8.000000e-03
1.354996e+04		8.000000e-03
1.355076e+04		8.000000e-03
1.355156e+04		8.000000e-03
1.355236e+04		8.000000e-03
1.355316e+04		8.000000e-03
1.355396e+04		8.000000e-03
1.355476e+04		8.000000e-03
1.355556e+04		8.000000e-03
1.355636e+04		8.000000e-03
1.355716e+04		8.000000e-03
1.355796e+04		8.000000e-03
1.355876e+04		8.000000e-03
1.355956e+04		8.000000e-03
1.356036e+04		8.000000e-03
1.359393e+04		8.000000e-03
1.360473e+04		8.000000e-03
1.360553e+04		8.000000e-03
1.360633e+04		8.000000e-03
1.360713e+04		8.000000e-03
1.360793e+04		8.000000e-03
1.360873e+04		8.000000e-03
1.360953e+04		8.000000e-03
1.361033e+04		8.000000e-03
1.361113e+04		8.000000e-03
1.361193e+04		8.000000e-03
1.361273e+04		8.000000e-03
1.361353e+04		8.000000e-03
1.361433e+04		8.000000e-03
1.361513e+04		8.000000e-03
1.361593e+04		8.000000e-03
1.361673e+04		8.000000e-03
1.361753e+04		8.000000e-03
1.361833e+04		8.000000e-03
1.361913e+04		8.000000e-03
1.361993e+04		8.000000e-03
1.362073e+04		8.000000e-03
1.362153e+04		8.000000e-03
1.362233e+04		8.000000e-03
1.362313e+04		8.000000e-03
1.362393e+04		8.000000e-03
1.362473e+04		8.000000e-03
1.362553e+04		8.000000e-03
1.362633e+04		8.000000e-03
1.362713e+04		8.000000e-03
1.362793e+04		8.000000e-03
1.362873e+04		8.000000e-03
1.362953e+04		8.000000e-03
1.363033e+04		8.000000e-03
1.363113e+04		8.000000e-03
1.363193e+04		8.000000e-03
1.363273e+04		8.000000e-03
1.363353e+04		8.000000e-03
1.363433e+04		8.000000e-03
1.363513e+04		8.000000e-03
1.363593e+04		8.000000e-03
1.363673e+04		8.000000e-03
1.363753e+04		8.000000e-03
1.363833e+04		8.000000e-03
1.363913e+04		8.000000e-03
1.363993e+04		8.000000e-03
1.364073e+04		8.000000e-03
1.364153e+04		8.000000e-03
1.364233e+04		8.000000e-03
1.364313e+04		8.000000e-03
1.364393e+04		8.000000e-03
1.364473e+04		8.000000e-03
1.364553e+04		8.000000e-03
1.364633e+04		8.000000e-03
1.364713e+04		8.000000e-03
1.368075e+04		8.000000e-03
1.369155e+04		8.000000e-03
1.369235e+04		8.000000e-03
1.369315e+04		8.000000e-03
1.369395e+04		8.000000e-03
1.369475e+04		8.000000e-03
1.369555e+04		8.000000e-03
1.369635e+04		8.000000e-03
1.369715e+04		8.000000e-03
1.369795e+04		8.000000e-03
1.369875e+04		8.000000e-03
1.369955e+04		8.000000e-03
1.370035e+04		8.000000e-03
1.370115e+04		8.000000e-03
1.370195e+04		8.000000e-03
1.370275e+04		8.000000e-03
1.370355e+04		8.000000e-03
1.370435e+04		8.000000e-03
1.370515e+04		8.000000e-03
1.370595e+04		8.000000e-03
1.370675e+04		8.000000e-03
1.370755e+04		8.000000e-03
1.370835e+04		8.000000e-03
1.370915e+04		8.000000e-03
1.370995e+04		8.000000e-03
1.371075e+04		8.000000e-03
1.371155e+04		8.000000e-03
1.371235e+04		8.000000e-03
1.371315e+04		8.000000e-03
1.371395e+04		8.000000e-03
1.371475e+04		8.000000e-03
1.371555e+04		8.000000e-03
1.371635e+04		8.000000e-03
1.371715e+04		8.000000e-03
1.371795e+04		8.000000e-03
1.371875e+04		8.000000e-03
1.371955e+04		8.000000e-03
1.372035e+04		8.000000e-03
1.372115e+04		8.000000e-03
1.372195e+04		8.000000e-03
1.372275e+04		8.000000e-03
1.372355e+04		8.000000e-03
1.372435e+04		8.000000e-03
1.372515e+04		8.000000e-03
1.372595e+04		8.000000e-03
1.372675e+04		8.000000e-03
1.372755e+04		8.000000e-03
1.372835e+04		8.000000e-03
1.372915e+04		8.000000e-03
1.372995e+04		8.000000e-03
1.373075e+04		8.000000e-03
1.373155e+04		8.000000e-03
1.373235e+04		8.000000e-03
1.373315e+04		8.000000e-03
1.373395e+04		8.000000e-03
1.373475e+04		8.000000e-03
1.376841e+04		8.000000e-03
1.377921e+04		8.000000e-03
1.378001e+04		8.000000e-03
1.378081e+04		8.000000e-03
1.378161e+04		8.000000e-03
1.378241e+04		8.000000e-03
1.378321e+04		8.000000e-03
1.378401e+04		8.000000e-03
1.378481e+04		8.000000e-03
1.378561e+04		8.000000e-03
1.378641e+04		8.000000e-03
1.378721e+04		8.000000e-03
1.378801e+04		8.000000e-03
1.378881e+04		8.000000e-03
1.378961e+04		8.000000e-03
1.379041e+04		8.000000e-03
1.379121e+04		8.000000e-03
1.379201e+04		8.000000e-03
1.379281e+04		8.000000e-03
1.379361e+04		8.000000e-03
1.379441e+04		8.000000e-03
1.379521e+04		8.000000e-03
1.379601e+04		8.000000e-03
1.379681e+04		8.000000e-03
1.379761e+04		8.000000e-03
1.379841e+04		8.000000e-03
1.379921e+04		8.000000e-03
1.380001e+04		8.000000e-03
1.380081e+04		8.000000e-03
1.380161e+04		8.000000e-03
